# VSE Bootstrap Training Feature Vectors
# Format: intent_label|f0,f1,f2,f3,f4,f5,f6,f7,f8,f9,f10,f11

QUERY|0.6,0.5,0.6,0.0,0.4,0.3,0.2,0.1,0.0,0.0,0.0,0.5
COMMAND|0.3,0.8,0.4,0.1,0.7,0.2,0.1,0.6,0.0,0.0,0.0,0.5
TUTORIAL|0.6,0.5,0.6,0.0,0.0,0.9,0.0,0.0,0.0,0.3,0.0,0.9
EMOTIONAL|0.6,0.5,0.0,0.0,0.9,0.0,0.0,0.0,0.0,0.0,0.3,0.9
CLARIFICATION|0.5,0.5,0.75,0.1,0.3,0.4,0.2,0.6,0.1,0.1,0.0,0.5
META|0.2,0.1,0.0,0.0,0.0,0.0,0.9,0.0,0.0,0.0,0.0,0.9
ABORT|0.1,0.05,0.0,0.0,0.0,0.0,0.0,0.85,0.0,0.0,0.0,0.9
GREETING|0.2,0.1,0.0,0.0,0.0,0.0,0.9,0.0,0.0,0.0,0.0,0.9
FAREWELL|0.1,0.05,0.0,0.0,0.0,0.0,0.0,0.85,0.0,0.0,0.0,0.9
